version https://git-lfs.github.com/spec/v1
oid sha256:7833b187ace56b34fbfac08be0b41d70eb33fb2a00ba3697e6d509e3d65d65e5
size 423556220
